15 0.551643 0.439583 0.044601 0.083333
15 0.745892 0.442708 0.106808 0.385417
2 0.512911 0.636458 0.100939 0.060417
2 0.036972 0.611458 0.022300 0.035417
2 0.586268 0.622917 0.043427 0.041667
2 0.846831 0.593750 0.059859 0.045833
2 0.885563 0.593750 0.019953 0.029167
8 0.758803 0.598958 0.092723 0.077083
8 0.863850 0.559375 0.058685 0.039583
8 0.642019 0.620833 0.091549 0.083333
6 0.534624 0.681250 0.057512 0.116667
0 0.649648 0.661458 0.163146 0.056250
0 0.778169 0.643750 0.089202 0.041667
0 0.857394 0.627083 0.066901 0.037500
