2 0.676056 0.502083 0.049296 0.041667
2 0.586268 0.503125 0.041080 0.035417
2 0.756455 0.505208 0.080986 0.056250
2 0.863263 0.512500 0.109155 0.087500
2 0.978286 0.509375 0.041080 0.081250
2 0.455986 0.521875 0.055164 0.085417
2 0.391432 0.536458 0.088028 0.143750
2 0.187793 0.544792 0.150235 0.177083
2 0.328052 0.506250 0.024648 0.037500
2 0.293427 0.513542 0.046948 0.072917
7 0.291667 0.461458 0.048122 0.047917
2 0.343310 0.501042 0.008216 0.018750
0 0.057512 0.554167 0.110329 0.108333
0 0.594484 0.556250 0.149061 0.095833
0 0.838028 0.615625 0.316901 0.168750
