24 0.245305 0.588542 0.018779 0.127083
24 0.266432 0.540625 0.028169 0.131250
24 0.307512 0.528125 0.018779 0.102083
24 0.325117 0.560417 0.028169 0.108333
24 0.366784 0.532292 0.022300 0.097917
24 0.397300 0.516667 0.022300 0.083333
24 0.384390 0.494792 0.015258 0.081250
24 0.428991 0.502083 0.017606 0.066667
24 0.440141 0.477083 0.011737 0.050000
24 0.456573 0.491667 0.016432 0.070833
24 0.473592 0.480208 0.012911 0.068750
0 0.117371 0.498958 0.225352 0.331250
9 0.589789 0.498958 0.585681 0.097917
