2 0.598005 0.579167 0.019953 0.033333
2 0.635563 0.580208 0.022300 0.035417
2 0.690728 0.565625 0.038732 0.035417
2 0.759390 0.563542 0.061033 0.056250
2 0.815728 0.554167 0.051643 0.062500
2 0.883803 0.561458 0.084507 0.122917
2 0.213615 0.689583 0.417840 0.445833
4 0.196009 0.846875 0.126761 0.102083
8 0.446009 0.571875 0.058685 0.135417
8 0.500587 0.575000 0.017606 0.045833
8 0.481808 0.593750 0.008216 0.037500
5 0.609742 0.405208 0.144366 0.585417
5 0.567488 0.517708 0.078638 0.335417
5 0.288146 0.453125 0.102113 0.352083
