4 0.215962 0.859375 0.185446 0.110417
8 0.433685 0.559375 0.076291 0.156250
8 0.498239 0.573958 0.022300 0.047917
2 0.221831 0.590625 0.084507 0.093750
2 0.212441 0.695833 0.413146 0.454167
2 0.481221 0.592708 0.016432 0.035417
2 0.598005 0.578125 0.015258 0.035417
2 0.636150 0.581250 0.023474 0.041667
2 0.690728 0.565625 0.034038 0.035417
2 0.815141 0.551042 0.045775 0.052083
2 0.886737 0.560417 0.083333 0.100000
2 0.758803 0.559375 0.062207 0.056250
5 0.607394 0.401042 0.092723 0.564583
5 0.567488 0.519792 0.069249 0.297917
