14 0.239437 0.606250 0.063380 0.091667
15 0.443662 0.371875 0.103286 0.031250
15 0.745892 0.409375 0.017606 0.039583
2 0.891432 0.476042 0.062207 0.064583
2 0.925469 0.469792 0.019953 0.039583
2 0.960681 0.472917 0.055164 0.041667
2 0.843310 0.472917 0.052817 0.045833
2 0.486502 0.479167 0.026995 0.041667
2 0.447770 0.478125 0.010563 0.018750
2 0.565728 0.478125 0.018779 0.027083
2 0.663732 0.469792 0.041080 0.035417
2 0.350352 0.495833 0.024648 0.041667
2 0.367958 0.488542 0.015258 0.035417
2 0.323357 0.500000 0.024648 0.041667
2 0.100352 0.615625 0.196009 0.281250
6 0.397887 0.497917 0.028169 0.037500
6 0.782864 0.481250 0.021127 0.050000
6 0.711854 0.481250 0.024648 0.037500
6 0.743545 0.479167 0.031690 0.037500
3 0.408451 0.489583 0.011737 0.058333
8 0.536385 0.480208 0.044601 0.064583
3 0.202465 0.598958 0.031690 0.122917
