15 0.438967 0.365625 0.112676 0.035417
15 0.743545 0.408333 0.019953 0.050000
8 0.495892 0.481250 0.071596 0.066667
2 0.323357 0.500000 0.029343 0.041667
2 0.356808 0.490625 0.032864 0.039583
2 0.098592 0.607292 0.192488 0.268750
2 0.563967 0.476042 0.022300 0.027083
2 0.666080 0.469792 0.038732 0.039583
2 0.845070 0.475000 0.053991 0.050000
2 0.891432 0.477083 0.057512 0.050000
2 0.961268 0.472917 0.051643 0.041667
6 0.781690 0.476042 0.025822 0.047917
6 0.361502 0.497917 0.021127 0.045833
14 0.239437 0.616667 0.089202 0.108333
3 0.385563 0.490625 0.010563 0.056250
