14 0.226526 0.571875 0.061033 0.156250
2 0.100352 0.616667 0.191315 0.291667
8 0.424883 0.488542 0.068075 0.064583
2 0.465962 0.482292 0.014085 0.022917
2 0.564554 0.477083 0.025822 0.029167
2 0.670188 0.468750 0.035211 0.033333
2 0.843897 0.473958 0.049296 0.043750
2 0.886150 0.477083 0.046948 0.050000
2 0.934272 0.479167 0.063380 0.058333
2 0.494718 0.482292 0.050469 0.052083
2 0.322770 0.497917 0.023474 0.037500
6 0.341549 0.502083 0.016432 0.041667
6 0.659038 0.484375 0.019953 0.031250
6 0.779930 0.483333 0.022300 0.037500
3 0.360915 0.495833 0.012911 0.045833
15 0.744131 0.409375 0.021127 0.043750
15 0.437793 0.368750 0.110329 0.037500
