8 0.551643 0.476042 0.028169 0.052083
2 0.472418 0.480208 0.026995 0.035417
2 0.397300 0.485417 0.019953 0.029167
2 0.350939 0.495833 0.023474 0.037500
2 0.367958 0.489583 0.010563 0.033333
2 0.326291 0.497917 0.023474 0.029167
2 0.444836 0.481250 0.011737 0.016667
2 0.666667 0.471875 0.039906 0.031250
2 0.842136 0.473958 0.050469 0.043750
2 0.890845 0.473958 0.061033 0.052083
2 0.921948 0.465625 0.024648 0.039583
2 0.959507 0.476042 0.055164 0.047917
2 0.096244 0.615625 0.190141 0.289583
3 0.204225 0.606250 0.039906 0.137500
14 0.237676 0.640625 0.062207 0.143750
6 0.429577 0.492708 0.016432 0.043750
6 0.783451 0.471875 0.022300 0.043750
6 0.744131 0.477083 0.028169 0.041667
6 0.715376 0.480208 0.029343 0.039583
15 0.438380 0.373958 0.113850 0.043750
15 0.748239 0.407292 0.029343 0.052083
