15 0.438380 0.369792 0.104460 0.031250
15 0.745892 0.411458 0.017606 0.039583
6 0.305164 0.518750 0.035211 0.050000
6 0.140258 0.531250 0.022300 0.041667
6 0.326291 0.501042 0.014085 0.047917
6 0.741197 0.473958 0.022300 0.052083
6 0.981221 0.481250 0.021127 0.062500
14 0.894953 0.578125 0.151408 0.131250
2 0.814554 0.496875 0.077465 0.102083
2 0.667840 0.467708 0.039906 0.035417
2 0.457746 0.479167 0.014085 0.020833
2 0.447770 0.480208 0.010563 0.018750
2 0.350939 0.492708 0.025822 0.043750
2 0.367371 0.491667 0.009390 0.041667
2 0.395540 0.492708 0.049296 0.052083
2 0.489437 0.479167 0.023474 0.037500
2 0.881455 0.472917 0.037559 0.041667
2 0.561620 0.478125 0.022300 0.031250
