2 0.482394 0.481250 0.016432 0.033333
2 0.442488 0.487500 0.068075 0.058333
2 0.378521 0.490625 0.029343 0.052083
2 0.353873 0.495833 0.024648 0.041667
2 0.562207 0.478125 0.023474 0.031250
2 0.840962 0.486458 0.062207 0.072917
2 0.897887 0.473958 0.046948 0.056250
2 0.668427 0.468750 0.038732 0.033333
2 0.544014 0.472917 0.012911 0.025000
2 0.961854 0.472917 0.050469 0.041667
14 0.245305 0.648958 0.185446 0.172917
6 0.325704 0.505208 0.022300 0.039583
15 0.744131 0.408333 0.016432 0.037500
15 0.441315 0.370833 0.103286 0.037500
