4 0.144953 0.630208 0.055164 0.152083
2 0.073944 0.622917 0.143192 0.312500
2 0.380869 0.487500 0.024648 0.054167
2 0.355634 0.495833 0.030516 0.041667
6 0.202465 0.528125 0.024648 0.052083
6 0.221244 0.515625 0.012911 0.031250
6 0.327465 0.501042 0.018779 0.047917
2 0.317488 0.498958 0.012911 0.031250
2 0.456573 0.488542 0.070423 0.056250
2 0.561033 0.479167 0.021127 0.033333
2 0.666080 0.472917 0.038732 0.033333
2 0.855634 0.487500 0.070423 0.062500
2 0.902582 0.470833 0.035211 0.058333
2 0.963615 0.471875 0.051643 0.047917
6 0.782277 0.476042 0.024648 0.043750
6 0.743545 0.475000 0.029343 0.041667
6 0.703052 0.477083 0.025822 0.041667
15 0.745892 0.413542 0.019953 0.043750
15 0.440728 0.377083 0.106808 0.041667
