2 0.045775 0.666667 0.021127 0.045833
15 0.574531 0.483333 0.036385 0.037500
2 0.559272 0.707292 0.045775 0.064583
2 0.373239 0.703125 0.035211 0.039583
2 0.399061 0.702083 0.016432 0.037500
2 0.415493 0.700000 0.009390 0.033333
2 0.427817 0.698958 0.010563 0.031250
2 0.318075 0.688542 0.028169 0.047917
2 0.207160 0.680208 0.034038 0.047917
2 0.238850 0.679167 0.029343 0.041667
2 0.069836 0.668750 0.019953 0.050000
0 0.626174 0.720833 0.080986 0.054167
0 0.963615 0.703125 0.070423 0.043750
0 0.471244 0.711458 0.071596 0.052083
