4 0.419014 0.563542 0.021127 0.052083
2 0.029930 0.589583 0.031690 0.033333
2 0.075704 0.585417 0.062207 0.062500
2 0.454225 0.545833 0.021127 0.029167
8 0.381455 0.527083 0.107981 0.120833
8 0.444249 0.522917 0.019953 0.029167
15 0.565141 0.413542 0.017606 0.043750
15 0.649061 0.414583 0.016432 0.058333
1 0.562793 0.661458 0.508216 0.097917
2 0.427817 0.565625 0.036385 0.052083
15 0.329225 0.460417 0.029343 0.041667
15 0.413146 0.452083 0.009390 0.037500
0 0.159038 0.761458 0.266432 0.206250
0 0.509390 0.557292 0.079812 0.031250
0 0.637911 0.590625 0.130282 0.060417
0 0.799296 0.617708 0.185446 0.089583
