15 0.575117 0.405208 0.014085 0.035417
15 0.669014 0.404167 0.018779 0.058333
4 0.412559 0.561458 0.024648 0.064583
1 0.598592 0.642708 0.553991 0.072917
2 0.427230 0.564583 0.044601 0.058333
2 0.055164 0.580208 0.058685 0.052083
2 0.453052 0.540625 0.016432 0.027083
8 0.373239 0.519792 0.103286 0.127083
8 0.442488 0.514583 0.025822 0.033333
15 0.316901 0.448958 0.035211 0.043750
15 0.413146 0.447917 0.007042 0.029167
0 0.185446 0.725000 0.244131 0.250000
0 0.518192 0.556250 0.083333 0.037500
0 0.664906 0.592708 0.144366 0.060417
0 0.838615 0.628125 0.186620 0.093750
