3 0.173122 0.621875 0.015258 0.110417
3 0.201291 0.618750 0.019953 0.104167
3 0.227113 0.614583 0.019953 0.104167
6 0.303991 0.611458 0.037559 0.068750
6 0.151408 0.628125 0.030516 0.077083
6 0.065141 0.679167 0.034038 0.108333
6 0.035798 0.767708 0.055164 0.206250
6 0.445423 0.584375 0.015258 0.068750
15 0.538146 0.310417 0.080986 0.054167
15 0.875000 0.097917 0.048122 0.070833
2 0.881455 0.554167 0.093897 0.087500
13 0.489437 0.575000 0.056338 0.095833
13 0.532277 0.571875 0.024648 0.072917
6 0.570423 0.585417 0.046948 0.054167
15 0.198944 0.346875 0.045775 0.064583
13 0.743545 0.548958 0.043427 0.093750
