3 0.549883 0.447917 0.017606 0.075000
6 0.137911 0.482292 0.015258 0.039583
6 0.019366 0.504167 0.026995 0.037500
6 0.153169 0.478125 0.010563 0.031250
8 0.179577 0.467708 0.044601 0.047917
2 0.204812 0.470833 0.015258 0.037500
2 0.231808 0.469792 0.031690 0.035417
2 0.254108 0.461458 0.019953 0.035417
2 0.272887 0.462500 0.019953 0.037500
2 0.863850 0.432292 0.079812 0.056250
2 0.739437 0.439583 0.056338 0.037500
8 0.816901 0.431250 0.091549 0.070833
15 0.484742 0.032292 0.061033 0.060417
15 0.265845 0.241667 0.111502 0.058333
